iterations: 4
x_1 = -9.358333e-01
x_2 = 4.378916e-01
---error vector---
x1=1.646539e-06 
x2=8.565996e-04 
