---lagrange---
L(1.875000) = 5.525303
L(1.575000) = 3.469840
---newton---
N(1.875000) = 5.524117
N(1.575000) = 3.468649
