---lagrange---
L(0.350000) = 0.685796
L(0.750000) = 1.363278
---newton---
N(0.350000) = 0.685796
N(0.750000) = 1.363278
